Curling: [4, 3, True, 1398545274.8799276]
Skating: [2, 3, True, 1398545270.8599274]
Skiing: [1, 3, True, 1398545256.8000236]




