Curling: [6, 3, False, 1398523366.9150176]
Skating: [6, 3, False, 1398523358.9000769]
Skiing: [0, 1, True, 1398523338.8300536]



