Curling: [9, 7, True, 1398524224.1698122]
Skating: [9, 7, False, 1398524230.1899467]
Skiing: [3, 1, True, 1398524174.0098486]
]




